<?xml version="1.0" encoding="ISO-8859-1"?>
<!DOCTYPE mixture PUBLIC "-//ghmm.org//DOCUMENT ghmm V1.0//EN" "http://ghmm.sourceforge.net/xml/1.0/ghmm.dtd">
<mixture version="1.0" noComponents="1">
 <HMM name="" type="higher-order discrete">
  <alphabet id="0">
   <symbol code="0">A</symbol>
   <symbol code="1">C</symbol>
   <symbol code="2">G</symbol>
   <symbol code="3">T</symbol>
  </alphabet>
  <state id="0" initial="1.00000000">
   <discrete id="0">0.25, 0.25, 0.25, 0.25</discrete>
  </state>
  <state id="1" initial="0.00000000">
   <discrete id="0" order="1">0.25, 0.25, 0.25, 0.25, 0.25, 0.25, 0.25, 0.25, 0.25, 0.25, 0.25, 0.25, 0.25, 0.25, 0.25, 0.25</discrete>
  </state>
  <state id="2" initial="0.00000000">
   <discrete id="0" order="1">0.004, 0.37818182, 0.13636364, 0.48145455, 0.004, 0.37818182, 0.13636364, 0.48145455, 0.004, 0.37818182, 0.13636364, 0.48145455, 0.004, 0.37818182, 0.13636364, 0.48145455</discrete>
  </state>
  <state id="3" initial="0.00000000">
   <discrete id="0" order="1">0.00036363636, 0.78763636, 0.11163636, 0.10036364, 0.00036363636, 0.78763636, 0.11163636, 0.10036364, 0.00036363636, 0.78763636, 0.11163636, 0.10036364, 0.00036363636, 0.78763636, 0.11163636, 0.10036364</discrete>
  </state>
  <state id="4" initial="0.00000000">
   <discrete id="0" order="1">0.00036363636, 0.032727273, 0.00036363636, 0.96654545, 0.00036363636, 0.032727273, 0.00036363636, 0.96654545, 0.00036363636, 0.032727273, 0.00036363636, 0.96654545, 0.00036363636, 0.032727273, 0.00036363636, 0.96654545</discrete>
  </state>
  <state id="5" initial="0.00000000">
   <discrete id="0" order="1">0.00036363636, 0.00036363636, 0.00036363636, 0.99890909, 0.00036363636, 0.00036363636, 0.00036363636, 0.99890909, 0.00036363636, 0.00036363636, 0.00036363636, 0.99890909, 0.00036363636, 0.00036363636, 0.00036363636, 0.99890909</discrete>
  </state>
  <state id="6" initial="0.00000000">
   <discrete id="0" order="1">0.98472727, 0.014545455, 0.00036363636, 0.00036363636, 0.98472727, 0.014545455, 0.00036363636, 0.00036363636, 0.98472727, 0.014545455, 0.00036363636, 0.00036363636, 0.98472727, 0.014545455, 0.00036363636, 0.00036363636</discrete>
  </state>
  <state id="7" initial="0.00000000">
   <discrete id="0" order="1">0.00036363636, 0.00036363636, 0.00036363636, 0.99890909, 0.00036363636, 0.00036363636, 0.00036363636, 0.99890909, 0.00036363636, 0.00036363636, 0.00036363636, 0.99890909, 0.00036363636, 0.00036363636, 0.00036363636, 0.99890909</discrete>
  </state>
  <state id="8" initial="0.00000000">
   <discrete id="0" order="1">0.00036363636, 0.99890909, 0.00036363636, 0.00036363636, 0.00036363636, 0.99890909, 0.00036363636, 0.00036363636, 0.00036363636, 0.99890909, 0.00036363636, 0.00036363636, 0.00036363636, 0.99890909, 0.00036363636, 0.00036363636</discrete>
  </state>
  <state id="9" initial="0.00000000">
   <discrete id="0" order="1">0.19927273, 0.00036363636, 0.00036363636, 0.8, 0.19927273, 0.00036363636, 0.00036363636, 0.8, 0.19927273, 0.00036363636, 0.00036363636, 0.8, 0.19927273, 0.00036363636, 0.00036363636, 0.8</discrete>
  </state>
  <state id="10" initial="0.00000000">
   <discrete id="0" order="1">0.00036363636, 0.45127273, 0.34218182, 0.20618182, 0.00036363636, 0.45127273, 0.34218182, 0.20618182, 0.00036363636, 0.45127273, 0.34218182, 0.20618182, 0.00036363636, 0.45127273, 0.34218182, 0.20618182</discrete>
  </state>
  <state id="11" initial="0.00000000">
   <discrete id="0" order="1">0.21890909, 0.36545455, 0.057454545, 0.35818182, 0.21890909, 0.36545455, 0.057454545, 0.35818182, 0.21890909, 0.36545455, 0.057454545, 0.35818182, 0.21890909, 0.36545455, 0.057454545, 0.35818182</discrete>
  </state>
  <state id="12" initial="0.00000000">
   <discrete id="0" order="1">0.14072727, 0.33818182, 0.24836364, 0.27272727, 0.14072727, 0.33818182, 0.24836364, 0.27272727, 0.14072727, 0.33818182, 0.24836364, 0.27272727, 0.14072727, 0.33818182, 0.24836364, 0.27272727</discrete>
  </state>
  <transition source="0" target="1">
   <probability>1</probability>
  </transition>
  <transition source="1" target="1">
   <probability>0.99</probability>
  </transition>
  <transition source="1" target="2">
   <probability>0.01</probability>
  </transition>
  <transition source="2" target="3">
   <probability>1</probability>
  </transition>
  <transition source="3" target="4">
   <probability>1</probability>
  </transition>
  <transition source="4" target="5">
   <probability>1</probability>
  </transition>
  <transition source="5" target="6">
   <probability>1</probability>
  </transition>
  <transition source="6" target="7">
   <probability>1</probability>
  </transition>
  <transition source="7" target="8">
   <probability>1</probability>
  </transition>
  <transition source="8" target="9">
   <probability>1</probability>
  </transition>
  <transition source="9" target="10">
   <probability>1</probability>
  </transition>
  <transition source="10" target="11">
   <probability>1</probability>
  </transition>
  <transition source="11" target="12">
   <probability>1</probability>
  </transition>
  <transition source="12" target="1">
   <probability>1</probability>
  </transition>
 </HMM>
</mixture>
