MEME version 4

ALPHABET= ACGT

strands: + -

Background letter frequencies
A 0.25 C 0.25 G 0.25 T 0.25

MOTIF MA0010.1 br
letter-probability matrix: alength= 4 w= 14 nsites= 9 E= 0
 0.333333  0.111111  0.444444  0.111111
 0.111111  0.111111  0.111111  0.666667
 0.555556  0.222222  0.111111  0.111111
 0.777778  0.000000  0.111111  0.111111
 0.333333  0.000000  0.000000  0.666667
 0.666667  0.000000  0.000000  0.333333
 0.444444  0.111111  0.444444  0.000000
 0.777778  0.000000  0.111111  0.111111
 0.111111  0.888889  0.000000  0.000000
 1.000000  0.000000  0.000000  0.000000
 0.888889  0.000000  0.111111  0.000000
 0.555556  0.000000  0.333333  0.111111
 0.444444  0.000000  0.000000  0.555556
 0.222222  0.333333  0.222222  0.222222
URL http://jaspar.genereg.net/matrix/MA0010.1

MOTIF MA0011.1 br(var.2)
letter-probability matrix: alength= 4 w= 8 nsites= 12 E= 0
 0.250000  0.083333  0.083333  0.583333
 0.416667  0.166667  0.083333  0.333333
 0.000000  0.833333  0.000000  0.166667
 0.000000  0.083333  0.000000  0.916667
 1.000000  0.000000  0.000000  0.000000
 0.083333  0.083333  0.166667  0.666667
 0.166667  0.000000  0.083333  0.750000
 0.083333  0.166667  0.083333  0.666667
URL http://jaspar.genereg.net/matrix/MA0011.1

MOTIF MA0012.1 br(var.3)
letter-probability matrix: alength= 4 w= 11 nsites= 12 E= 0
 0.250000  0.083333  0.083333  0.583333
 0.750000  0.166667  0.083333  0.000000
 0.833333  0.000000  0.000000  0.166667
 1.000000  0.000000  0.000000  0.000000
 0.000000  0.833333  0.083333  0.083333
 0.333333  0.000000  0.000000  0.666667
 0.833333  0.000000  0.000000  0.166667
 0.500000  0.000000  0.333333  0.166667
 0.500000  0.083333  0.166667  0.250000
 0.333333  0.250000  0.166667  0.250000
 0.166667  0.250000  0.416667  0.166667
URL http://jaspar.genereg.net/matrix/MA0012.1

MOTIF MA0013.1 br(var.4)
letter-probability matrix: alength= 4 w= 11 nsites= 6 E= 0
 0.166667  0.166667  0.000000  0.666667
 0.666667  0.000000  0.000000  0.333333
 0.333333  0.000000  0.666667  0.000000
 0.166667  0.000000  0.000000  0.833333
 0.833333  0.000000  0.166667  0.000000
 1.000000  0.000000  0.000000  0.000000
 0.833333  0.000000  0.166667  0.000000
 0.166667  0.500000  0.166667  0.166667
 0.500000  0.000000  0.166667  0.333333
 0.833333  0.000000  0.000000  0.166667
 0.500000  0.166667  0.000000  0.333333
URL http://jaspar.genereg.net/matrix/MA0013.1

MOTIF MA0015.1 Cf2
letter-probability matrix: alength= 4 w= 10 nsites= 80 E= 0
 0.312500  0.162500  0.500000  0.025000
 0.012500  0.025000  0.012500  0.950000
 0.925000  0.025000  0.050000  0.000000
 0.000000  0.112500  0.050000  0.837500
 0.975000  0.025000  0.000000  0.000000
 0.012500  0.050000  0.012500  0.925000
 0.512500  0.025000  0.450000  0.012500
 0.025000  0.112500  0.012500  0.850000
 0.662500  0.037500  0.250000  0.050000
 0.150000  0.362500  0.187500  0.300000
URL http://jaspar.genereg.net/matrix/MA0015.1

MOTIF MA0016.1 usp
letter-probability matrix: alength= 4 w= 10 nsites= 38 E= 0
 0.000000  0.026316  0.973684  0.000000
 0.026316  0.000000  0.947368  0.026316
 0.000000  0.000000  1.000000  0.000000
 0.000000  0.000000  1.000000  0.000000
 0.000000  0.000000  0.000000  1.000000
 0.000000  0.947368  0.026316  0.026316
 0.921053  0.000000  0.078947  0.000000
 0.131579  0.657895  0.078947  0.131579
 0.131579  0.210526  0.578947  0.078947
 0.157895  0.263158  0.421053  0.157895
URL http://jaspar.genereg.net/matrix/MA0016.1

MOTIF MA0022.1 dl
letter-probability matrix: alength= 4 w= 12 nsites= 13 E= 0
 0.000000  0.384615  0.461538  0.153846
 0.000000  0.000000  0.923077  0.076923
 0.000000  0.076923  0.846154  0.076923
 0.000000  0.000000  0.769231  0.230769
 0.076923  0.076923  0.230769  0.615385
 0.076923  0.000000  0.153846  0.769231
 0.076923  0.000000  0.000000  0.923077
 0.000000  0.000000  0.000000  1.000000
 0.000000  0.230769  0.000000  0.769231
 0.076923  0.692308  0.000000  0.230769
 0.076923  0.692308  0.076923  0.153846
 0.230769  0.384615  0.384615  0.000000
URL http://jaspar.genereg.net/matrix/MA0022.1

MOTIF MA0023.1 dl(var.2)
letter-probability matrix: alength= 4 w= 10 nsites= 9 E= 0
 0.000000  0.111111  0.777778  0.111111
 0.000000  0.000000  0.777778  0.222222
 0.000000  0.000000  1.000000  0.000000
 0.000000  0.000000  0.888889  0.111111
 0.444444  0.111111  0.000000  0.444444
 0.222222  0.111111  0.000000  0.666667
 0.000000  0.000000  0.000000  1.000000
 0.000000  0.111111  0.000000  0.888889
 0.000000  1.000000  0.000000  0.000000
 0.111111  0.888889  0.000000  0.000000
URL http://jaspar.genereg.net/matrix/MA0023.1

MOTIF MA0026.1 Eip74EF
letter-probability matrix: alength= 4 w= 7 nsites= 17 E= 0
 0.117647  0.705882  0.117647  0.058824
 0.294118  0.705882  0.000000  0.000000
 0.000000  0.000000  1.000000  0.000000
 0.000000  0.000000  1.000000  0.000000
 1.000000  0.000000  0.000000  0.000000
 1.000000  0.000000  0.000000  0.000000
 0.294118  0.058824  0.588235  0.058824
URL http://jaspar.genereg.net/matrix/MA0026.1

MOTIF MA0049.1 hb
letter-probability matrix: alength= 4 w= 10 nsites= 16 E= 0
 0.062500  0.312500  0.500000  0.125000
 0.375000  0.500000  0.125000  0.000000
 0.562500  0.187500  0.250000  0.000000
 0.250000  0.187500  0.062500  0.500000
 0.812500  0.062500  0.000000  0.125000
 1.000000  0.000000  0.000000  0.000000
 1.000000  0.000000  0.000000  0.000000
 0.875000  0.000000  0.125000  0.000000
 0.937500  0.062500  0.000000  0.000000
 0.562500  0.125000  0.125000  0.187500
URL http://jaspar.genereg.net/matrix/MA0049.1

MOTIF MA0085.1 Su(H)
letter-probability matrix: alength= 4 w= 16 nsites= 10 E= 0
 0.100000  0.300000  0.300000  0.300000
 0.000000  0.400000  0.000000  0.600000
 0.000000  0.000000  1.000000  0.000000
 0.000000  0.000000  0.000000  1.000000
 0.000000  0.000000  1.000000  0.000000
 0.300000  0.000000  0.700000  0.000000
 0.000000  0.000000  1.000000  0.000000
 1.000000  0.000000  0.000000  0.000000
 1.000000  0.000000  0.000000  0.000000
 0.500000  0.500000  0.000000  0.000000
 0.100000  0.700000  0.100000  0.100000
 0.100000  0.200000  0.400000  0.300000
 0.400000  0.200000  0.200000  0.200000
 0.300000  0.100000  0.400000  0.200000
 0.400000  0.300000  0.200000  0.100000
 0.200000  0.100000  0.200000  0.500000
URL http://jaspar.genereg.net/matrix/MA0085.1

MOTIF MA0126.1 ovo
letter-probability matrix: alength= 4 w= 9 nsites= 21 E= 0
 0.476190  0.190476  0.000000  0.333333
 0.047619  0.190476  0.666667  0.095238
 0.190476  0.095238  0.095238  0.619048
 0.952381  0.000000  0.000000  0.047619
 1.000000  0.000000  0.000000  0.000000
 0.000000  1.000000  0.000000  0.000000
 0.333333  0.238095  0.142857  0.285714
 0.000000  0.000000  1.000000  0.000000
 0.238095  0.190476  0.095238  0.476190
URL http://jaspar.genereg.net/matrix/MA0126.1

MOTIF MA0165.1 Abd-B
letter-probability matrix: alength= 4 w= 7 nsites= 21 E= 0
 0.047619  0.000000  0.000000  0.952381
 0.000000  0.000000  0.000000  1.000000
 0.238095  0.000000  0.000000  0.761905
 1.000000  0.000000  0.000000  0.000000
 0.000000  0.142857  0.000000  0.857143
 0.142857  0.000000  0.523810  0.333333
 0.619048  0.000000  0.238095  0.142857
URL http://jaspar.genereg.net/matrix/MA0165.1

MOTIF MA0166.1 Antp
letter-probability matrix: alength= 4 w= 7 nsites= 16 E= 0
 0.062500  0.062500  0.000000  0.875000
 0.000000  0.000000  0.000000  1.000000
 1.000000  0.000000  0.000000  0.000000
 1.000000  0.000000  0.000000  0.000000
 0.000000  0.000000  0.000000  1.000000
 0.000000  0.000000  0.562500  0.437500
 0.937500  0.000000  0.062500  0.000000
URL http://jaspar.genereg.net/matrix/MA0166.1

MOTIF MA0167.1 Awh
letter-probability matrix: alength= 4 w= 7 nsites= 40 E= 0
 0.075000  0.400000  0.000000  0.525000
 0.025000  0.000000  0.000000  0.975000
 0.825000  0.000000  0.175000  0.000000
 1.000000  0.000000  0.000000  0.000000
 0.000000  0.000000  0.025000  0.975000
 0.000000  0.000000  0.200000  0.800000
 0.850000  0.000000  0.100000  0.050000
URL http://jaspar.genereg.net/matrix/MA0167.1

MOTIF MA0168.1 B-H1
letter-probability matrix: alength= 4 w= 7 nsites= 21 E= 0
 0.190476  0.190476  0.000000  0.619048
 0.000000  0.000000  0.000000  1.000000
 1.000000  0.000000  0.000000  0.000000
 1.000000  0.000000  0.000000  0.000000
 0.380952  0.000000  0.000000  0.619048
 0.047619  0.333333  0.000000  0.619048
 0.047619  0.000000  0.952381  0.000000
URL http://jaspar.genereg.net/matrix/MA0168.1

MOTIF MA0169.1 B-H2
letter-probability matrix: alength= 4 w= 7 nsites= 21 E= 0
 0.285714  0.095238  0.047619  0.571429
 0.000000  0.000000  0.000000  1.000000
 1.000000  0.000000  0.000000  0.000000
 1.000000  0.000000  0.000000  0.000000
 0.238095  0.000000  0.000000  0.761905
 0.142857  0.047619  0.095238  0.714286
 0.000000  0.000000  1.000000  0.000000
URL http://jaspar.genereg.net/matrix/MA0169.1

MOTIF MA0170.1 C15
letter-probability matrix: alength= 4 w= 7 nsites= 19 E= 0
 0.052632  0.052632  0.000000  0.894737
 0.000000  0.000000  0.000000  1.000000
 0.894737  0.000000  0.000000  0.105263
 1.000000  0.000000  0.000000  0.000000
 0.315789  0.105263  0.000000  0.578947
 0.000000  0.157895  0.315789  0.526316
 0.526316  0.000000  0.473684  0.000000
URL http://jaspar.genereg.net/matrix/MA0170.1

MOTIF MA0171.1 CG11085
letter-probability matrix: alength= 4 w= 7 nsites= 13 E= 0
 0.000000  0.230769  0.000000  0.769231
 0.000000  0.000000  0.000000  1.000000
 1.000000  0.000000  0.000000  0.000000
 1.000000  0.000000  0.000000  0.000000
 0.076923  0.000000  0.000000  0.923077
 0.153846  0.076923  0.153846  0.615385
 0.076923  0.000000  0.923077  0.000000
URL http://jaspar.genereg.net/matrix/MA0171.1

MOTIF MA0172.1 CG11294
letter-probability matrix: alength= 4 w= 7 nsites= 15 E= 0
 0.000000  0.200000  0.000000  0.800000
 0.000000  0.133333  0.000000  0.866667
 1.000000  0.000000  0.000000  0.000000
 1.000000  0.000000  0.000000  0.000000
 0.000000  0.000000  0.000000  1.000000
 0.000000  0.000000  0.000000  1.000000
 1.000000  0.000000  0.000000  0.000000
URL http://jaspar.genereg.net/matrix/MA0172.1

MOTIF MA0173.1 CG11617
letter-probability matrix: alength= 4 w= 7 nsites= 17 E= 0
 0.058824  0.000000  0.000000  0.941176
 0.000000  0.000000  0.000000  1.000000
 0.588235  0.000000  0.176471  0.235294
 1.000000  0.000000  0.000000  0.000000
 0.000000  1.000000  0.000000  0.000000
 1.000000  0.000000  0.000000  0.000000
 0.000000  0.000000  0.000000  1.000000
URL http://jaspar.genereg.net/matrix/MA0173.1

MOTIF MA0174.1 Dbx
letter-probability matrix: alength= 4 w= 7 nsites= 16 E= 0
 0.125000  0.000000  0.000000  0.875000
 0.125000  0.000000  0.000000  0.875000
 0.375000  0.000000  0.125000  0.500000
 1.000000  0.000000  0.000000  0.000000
 0.000000  0.000000  0.000000  1.000000
 0.000000  0.125000  0.375000  0.500000
 0.812500  0.000000  0.187500  0.000000
URL http://jaspar.genereg.net/matrix/MA0174.1

MOTIF MA0175.1 lms
letter-probability matrix: alength= 4 w= 7 nsites= 21 E= 0
 0.095238  0.333333  0.047619  0.523810
 0.000000  0.000000  0.000000  1.000000
 1.000000  0.000000  0.000000  0.000000
 1.000000  0.000000  0.000000  0.000000
 0.000000  0.000000  0.000000  1.000000
 0.142857  0.000000  0.190476  0.666667
 0.380952  0.000000  0.619048  0.000000
URL http://jaspar.genereg.net/matrix/MA0175.1

MOTIF MA0176.1 CG15696-RA
letter-probability matrix: alength= 4 w= 7 nsites= 32 E= 0
 0.062500  0.093750  0.093750  0.750000
 0.062500  0.093750  0.000000  0.843750
 0.656250  0.000000  0.187500  0.156250
 1.000000  0.000000  0.000000  0.000000
 0.000000  0.000000  0.000000  1.000000
 0.000000  0.000000  0.062500  0.937500
 0.500000  0.000000  0.500000  0.000000
URL http://jaspar.genereg.net/matrix/MA0176.1

MOTIF MA0177.1 CG18599
letter-probability matrix: alength= 4 w= 7 nsites= 25 E= 0
 0.160000  0.400000  0.040000  0.400000
 0.000000  0.000000  0.000000  1.000000
 1.000000  0.000000  0.000000  0.000000
 1.000000  0.000000  0.000000  0.000000
 0.000000  0.000000  0.000000  1.000000
 0.000000  0.040000  0.320000  0.640000
 0.920000  0.000000  0.080000  0.000000
URL http://jaspar.genereg.net/matrix/MA0177.1

MOTIF MA0178.1 CG32105
letter-probability matrix: alength= 4 w= 7 nsites= 19 E= 0
 0.105263  0.210526  0.000000  0.684211
 0.105263  0.000000  0.000000  0.894737
 0.894737  0.000000  0.000000  0.105263
 1.000000  0.000000  0.000000  0.000000
 0.000000  0.000000  0.052632  0.947368
 0.000000  0.000000  0.052632  0.947368
 0.789474  0.000000  0.210526  0.000000
URL http://jaspar.genereg.net/matrix/MA0178.1

MOTIF MA0179.1 CG32532
letter-probability matrix: alength= 4 w= 7 nsites= 23 E= 0
 0.086957  0.260870  0.086957  0.565217
 0.000000  0.000000  0.000000  1.000000
 1.000000  0.000000  0.000000  0.000000
 1.000000  0.000000  0.000000  0.000000
 0.000000  0.000000  0.000000  1.000000
 0.000000  0.000000  0.086957  0.913043
 0.521739  0.000000  0.434783  0.043478
URL http://jaspar.genereg.net/matrix/MA0179.1

MOTIF MA0180.1 Vsx2
letter-probability matrix: alength= 4 w= 9 nsites= 13 E= 0
 0.076923  0.076923  0.384615  0.461538
 0.153846  0.153846  0.000000  0.692308
 0.000000  0.000000  0.000000  1.000000
 1.000000  0.000000  0.000000  0.000000
 1.000000  0.000000  0.000000  0.000000
 0.000000  0.000000  0.000000  1.000000
 0.000000  0.000000  0.000000  1.000000
 0.769231  0.000000  0.230769  0.000000
 0.076923  0.153846  0.769231  0.000000
URL http://jaspar.genereg.net/matrix/MA0180.1

MOTIF MA0181.1 Vsx1
letter-probability matrix: alength= 4 w= 7 nsites= 22 E= 0
 0.045455  0.363636  0.045455  0.545455
 0.000000  0.000000  0.000000  1.000000
 1.000000  0.000000  0.000000  0.000000
 1.000000  0.000000  0.000000  0.000000
 0.000000  0.000000  0.000000  1.000000
 0.090909  0.000000  0.136364  0.772727
 0.681818  0.000000  0.272727  0.045455
URL http://jaspar.genereg.net/matrix/MA0181.1

MOTIF MA0182.1 CG4328-RA
letter-probability matrix: alength= 4 w= 7 nsites= 30 E= 0
 0.400000  0.066667  0.100000  0.433333
 0.233333  0.033333  0.000000  0.733333
 0.433333  0.000000  0.000000  0.566667
 1.000000  0.000000  0.000000  0.000000
 0.000000  0.000000  0.000000  1.000000
 0.000000  0.000000  0.200000  0.800000
 0.500000  0.000000  0.500000  0.000000
URL http://jaspar.genereg.net/matrix/MA0182.1

MOTIF MA0183.1 HHEX
letter-probability matrix: alength= 4 w= 8 nsites= 26 E= 0
 0.269231  0.115385  0.076923  0.538462
 0.000000  0.269231  0.000000  0.730769
 0.000000  0.230769  0.269231  0.500000
 0.807692  0.000000  0.076923  0.115385
 1.000000  0.000000  0.000000  0.000000
 0.000000  0.115385  0.115385  0.769231
 0.269231  0.000000  0.038462  0.692308
 0.846154  0.000000  0.153846  0.000000
URL http://jaspar.genereg.net/matrix/MA0183.1

MOTIF MA0184.1 CG9876
letter-probability matrix: alength= 4 w= 7 nsites= 20 E= 0
 0.100000  0.450000  0.150000  0.300000
 0.000000  0.000000  0.000000  1.000000
 0.900000  0.000000  0.000000  0.100000
 1.000000  0.000000  0.000000  0.000000
 0.000000  0.000000  0.000000  1.000000
 0.000000  0.000000  0.050000  0.950000
 0.700000  0.000000  0.300000  0.000000
URL http://jaspar.genereg.net/matrix/MA0184.1

MOTIF MA0185.1 Deaf1
letter-probability matrix: alength= 4 w= 6 nsites= 10 E= 0
 0.000000  0.300000  0.000000  0.700000
 0.000000  0.000000  0.000000  1.000000
 0.000000  1.000000  0.000000  0.000000
 0.000000  0.000000  1.000000  0.000000
 0.000000  0.000000  0.500000  0.500000
 0.100000  0.300000  0.400000  0.200000
URL http://jaspar.genereg.net/matrix/MA0185.1

MOTIF MA0186.1 Dfd
letter-probability matrix: alength= 4 w= 7 nsites= 24 E= 0
 0.041667  0.166667  0.125000  0.666667
 0.000000  0.000000  0.000000  1.000000
 1.000000  0.000000  0.000000  0.000000
 1.000000  0.000000  0.000000  0.000000
 0.000000  0.000000  0.000000  1.000000
 0.041667  0.000000  0.791667  0.166667
 0.875000  0.000000  0.125000  0.000000
URL http://jaspar.genereg.net/matrix/MA0186.1

MOTIF MA0187.1 Dll
letter-probability matrix: alength= 4 w= 7 nsites= 23 E= 0
 0.043478  0.000000  0.000000  0.956522
 0.956522  0.000000  0.043478  0.000000
 1.000000  0.000000  0.000000  0.000000
 0.000000  0.000000  0.000000  1.000000
 0.130435  0.000000  0.130435  0.739130
 0.434783  0.000000  0.391304  0.173913
 0.043478  0.521739  0.173913  0.260870
URL http://jaspar.genereg.net/matrix/MA0187.1

MOTIF MA0188.1 Dr
letter-probability matrix: alength= 4 w= 7 nsites= 21 E= 0
 0.047619  0.619048  0.285714  0.047619
 0.000000  0.761905  0.000000  0.238095
 1.000000  0.000000  0.000000  0.000000
 1.000000  0.000000  0.000000  0.000000
 0.000000  0.000000  0.000000  1.000000
 0.000000  0.000000  0.000000  1.000000
 1.000000  0.000000  0.000000  0.000000
URL http://jaspar.genereg.net/matrix/MA0188.1

MOTIF MA0189.1 E5
letter-probability matrix: alength= 4 w= 7 nsites= 43 E= 0
 0.116279  0.348837  0.139535  0.395349
 0.069767  0.000000  0.000000  0.930233
 1.000000  0.000000  0.000000  0.000000
 0.976744  0.000000  0.000000  0.023256
 0.023256  0.000000  0.023256  0.953488
 0.116279  0.000000  0.372093  0.511628
 0.790698  0.000000  0.209302  0.000000
URL http://jaspar.genereg.net/matrix/MA0189.1

MOTIF MA0190.1 Gsc
letter-probability matrix: alength= 4 w= 6 nsites= 22 E= 0
 0.000000  0.000000  0.000000  1.000000
 1.000000  0.000000  0.000000  0.000000
 1.000000  0.000000  0.000000  0.000000
 0.000000  0.000000  0.000000  1.000000
 0.000000  1.000000  0.000000  0.000000
 0.000000  0.636364  0.090909  0.272727
URL http://jaspar.genereg.net/matrix/MA0190.1

MOTIF MA0191.1 HGTX
letter-probability matrix: alength= 4 w= 7 nsites= 20 E= 0
 0.200000  0.100000  0.150000  0.550000
 0.000000  0.000000  0.000000  1.000000
 1.000000  0.000000  0.000000  0.000000
 1.000000  0.000000  0.000000  0.000000
 0.000000  0.000000  0.000000  1.000000
 0.050000  0.000000  0.300000  0.650000
 0.750000  0.000000  0.250000  0.000000
URL http://jaspar.genereg.net/matrix/MA0191.1

MOTIF MA0192.1 Hmx
letter-probability matrix: alength= 4 w= 7 nsites= 20 E= 0
 0.050000  0.150000  0.000000  0.800000
 0.000000  0.000000  0.000000  1.000000
 1.000000  0.000000  0.000000  0.000000
 1.000000  0.000000  0.000000  0.000000
 0.050000  0.000000  0.000000  0.950000
 0.000000  0.150000  0.000000  0.850000
 0.200000  0.000000  0.800000  0.000000
URL http://jaspar.genereg.net/matrix/MA0192.1

MOTIF MA0193.1 schlank
letter-probability matrix: alength= 4 w= 7 nsites= 19 E= 0
 0.000000  1.000000  0.000000  0.000000
 0.000000  0.473684  0.000000  0.526316
 0.894737  0.105263  0.000000  0.000000
 0.052632  0.947368  0.000000  0.000000
 0.000000  0.631579  0.000000  0.368421
 0.947368  0.000000  0.052632  0.000000
 0.631579  0.000000  0.210526  0.157895
URL http://jaspar.genereg.net/matrix/MA0193.1

MOTIF MA0194.1 Lim1
letter-probability matrix: alength= 4 w= 7 nsites= 18 E= 0
 0.000000  0.111111  0.000000  0.888889
 0.000000  0.000000  0.000000  1.000000
 1.000000  0.000000  0.000000  0.000000
 1.000000  0.000000  0.000000  0.000000
 0.000000  0.000000  0.000000  1.000000
 0.000000  0.000000  0.000000  1.000000
 0.944444  0.000000  0.055556  0.000000
URL http://jaspar.genereg.net/matrix/MA0194.1

MOTIF MA0195.1 Lim3
letter-probability matrix: alength= 4 w= 7 nsites= 20 E= 0
 0.150000  0.350000  0.100000  0.400000
 0.200000  0.000000  0.000000  0.800000
 0.800000  0.000000  0.150000  0.050000
 1.000000  0.000000  0.000000  0.000000
 0.000000  0.000000  0.000000  1.000000
 0.000000  0.100000  0.200000  0.700000
 0.800000  0.000000  0.200000  0.000000
URL http://jaspar.genereg.net/matrix/MA0195.1

MOTIF MA0196.1 NK7.1
letter-probability matrix: alength= 4 w= 7 nsites= 35 E= 0
 0.142857  0.142857  0.028571  0.685714
 0.000000  0.000000  0.000000  1.000000
 0.942857  0.000000  0.057143  0.000000
 1.000000  0.000000  0.000000  0.000000
 0.114286  0.000000  0.142857  0.742857
 0.171429  0.000000  0.200000  0.628571
 0.371429  0.000000  0.628571  0.000000
URL http://jaspar.genereg.net/matrix/MA0196.1

MOTIF MA0198.1 OdsH
letter-probability matrix: alength= 4 w= 7 nsites= 22 E= 0
 0.000000  0.500000  0.181818  0.318182
 0.000000  0.000000  0.000000  1.000000
 1.000000  0.000000  0.000000  0.000000
 1.000000  0.000000  0.000000  0.000000
 0.000000  0.000000  0.000000  1.000000
 0.000000  0.000000  0.000000  1.000000
 0.590909  0.000000  0.363636  0.045455
URL http://jaspar.genereg.net/matrix/MA0198.1

MOTIF MA0199.1 Optix
letter-probability matrix: alength= 4 w= 5 nsites= 27 E= 0
 0.000000  0.185185  0.000000  0.814815
 0.000000  0.000000  1.000000  0.000000
 1.000000  0.000000  0.000000  0.000000
 0.000000  0.000000  0.000000  1.000000
 0.962963  0.000000  0.037037  0.000000
URL http://jaspar.genereg.net/matrix/MA0199.1

MOTIF MA0200.1 Pph13
letter-probability matrix: alength= 4 w= 7 nsites= 21 E= 0
 0.285714  0.380952  0.142857  0.190476
 0.000000  0.000000  0.000000  1.000000
 1.000000  0.000000  0.000000  0.000000
 1.000000  0.000000  0.000000  0.000000
 0.000000  0.000000  0.000000  1.000000
 0.000000  0.047619  0.000000  0.952381
 0.619048  0.047619  0.285714  0.047619
URL http://jaspar.genereg.net/matrix/MA0200.1

MOTIF MA0201.1 Ptx1
letter-probability matrix: alength= 4 w= 7 nsites= 20 E= 0
 0.000000  0.250000  0.050000  0.700000
 0.000000  0.000000  0.000000  1.000000
 1.000000  0.000000  0.000000  0.000000
 1.000000  0.000000  0.000000  0.000000
 0.000000  0.000000  0.000000  1.000000
 0.000000  1.000000  0.000000  0.000000
 0.000000  0.950000  0.000000  0.050000
URL http://jaspar.genereg.net/matrix/MA0201.1

MOTIF MA0202.1 Rx
letter-probability matrix: alength= 4 w= 7 nsites= 27 E= 0
 0.111111  0.481481  0.000000  0.407407
 0.000000  0.000000  0.000000  1.000000
 1.000000  0.000000  0.000000  0.000000
 1.000000  0.000000  0.000000  0.000000
 0.000000  0.000000  0.000000  1.000000
 0.000000  0.000000  0.000000  1.000000
 0.629630  0.000000  0.370370  0.000000
URL http://jaspar.genereg.net/matrix/MA0202.1

MOTIF MA0203.1 Scr
letter-probability matrix: alength= 4 w= 7 nsites= 25 E= 0
 0.120000  0.280000  0.000000  0.600000
 0.000000  0.000000  0.000000  1.000000
 1.000000  0.000000  0.000000  0.000000
 1.000000  0.000000  0.000000  0.000000
 0.000000  0.000000  0.000000  1.000000
 0.000000  0.000000  0.720000  0.280000
 0.920000  0.000000  0.080000  0.000000
URL http://jaspar.genereg.net/matrix/MA0203.1

MOTIF MA0204.1 Six4
letter-probability matrix: alength= 4 w= 6 nsites= 20 E= 0
 0.000000  0.000000  0.000000  1.000000
 0.000000  0.000000  1.000000  0.000000
 1.000000  0.000000  0.000000  0.000000
 0.000000  0.350000  0.200000  0.450000
 1.000000  0.000000  0.000000  0.000000
 0.050000  0.950000  0.000000  0.000000
URL http://jaspar.genereg.net/matrix/MA0204.1

MOTIF MA0205.1 Trl
letter-probability matrix: alength= 4 w= 10 nsites= 71 E= 0
 0.056338  0.309859  0.126761  0.507042
 0.084507  0.323944  0.154930  0.436620
 0.169014  0.084507  0.422535  0.323944
 0.000000  0.901408  0.042254  0.056338
 0.042254  0.000000  0.197183  0.760563
 0.014085  0.985915  0.000000  0.000000
 0.183099  0.000000  0.028169  0.788732
 0.070423  0.760563  0.098592  0.070423
 0.098592  0.183099  0.154930  0.563380
 0.126761  0.464789  0.140845  0.267606
URL http://jaspar.genereg.net/matrix/MA0205.1

MOTIF MA0206.1 abd-A
letter-probability matrix: alength= 4 w= 7 nsites= 18 E= 0
 0.055556  0.166667  0.000000  0.777778
 0.000000  0.000000  0.000000  1.000000
 0.888889  0.000000  0.000000  0.111111
 1.000000  0.000000  0.000000  0.000000
 0.055556  0.000000  0.000000  0.944444
 0.000000  0.000000  0.333333  0.666667
 0.833333  0.055556  0.111111  0.000000
URL http://jaspar.genereg.net/matrix/MA0206.1

MOTIF MA0207.1 achi
letter-probability matrix: alength= 4 w= 6 nsites= 23 E= 0
 0.000000  0.000000  0.000000  1.000000
 0.000000  0.000000  1.000000  0.000000
 1.000000  0.000000  0.000000  0.000000
 0.000000  0.956522  0.000000  0.043478
 1.000000  0.000000  0.000000  0.000000
 0.176471  0.000000  0.705882  0.117647
URL http://jaspar.genereg.net/matrix/MA0207.1

MOTIF MA0208.1 al
letter-probability matrix: alength= 4 w= 7 nsites= 20 E= 0
 0.000000  0.000000  0.000000  1.000000
 1.000000  0.000000  0.000000  0.000000
 1.000000  0.000000  0.000000  0.000000
 0.000000  0.000000  0.000000  1.000000
 0.000000  0.000000  0.000000  1.000000
 0.850000  0.000000  0.150000  0.000000
 0.900000  0.000000  0.100000  0.000000
URL http://jaspar.genereg.net/matrix/MA0208.1

MOTIF MA0209.1 ap
letter-probability matrix: alength= 4 w= 7 nsites= 19 E= 0
 0.105263  0.526316  0.000000  0.368421
 0.052632  0.000000  0.000000  0.947368
 1.000000  0.000000  0.000000  0.000000
 1.000000  0.000000  0.000000  0.000000
 0.000000  0.000000  0.000000  1.000000
 0.000000  0.000000  0.315789  0.684211
 0.842105  0.000000  0.157895  0.000000
URL http://jaspar.genereg.net/matrix/MA0209.1

MOTIF MA0210.1 ara
letter-probability matrix: alength= 4 w= 5 nsites= 34 E= 0
 0.411765  0.000000  0.147059  0.441176
 0.676471  0.000000  0.000000  0.323529
 1.000000  0.000000  0.000000  0.000000
 0.000000  1.000000  0.000000  0.000000
 1.000000  0.000000  0.000000  0.000000
URL http://jaspar.genereg.net/matrix/MA0210.1

MOTIF MA0211.1 bap
letter-probability matrix: alength= 4 w= 7 nsites= 23 E= 0
 0.000000  0.000000  0.043478  0.956522
 0.000000  0.000000  0.000000  1.000000
 1.000000  0.000000  0.000000  0.000000
 1.000000  0.000000  0.000000  0.000000
 0.000000  0.000000  1.000000  0.000000
 0.043478  0.000000  0.000000  0.956522
 0.304348  0.000000  0.695652  0.000000
URL http://jaspar.genereg.net/matrix/MA0211.1

MOTIF MA0212.1 bcd
letter-probability matrix: alength= 4 w= 6 nsites= 22 E= 0
 0.000000  0.000000  0.000000  1.000000
 0.909091  0.000000  0.000000  0.090909
 1.000000  0.000000  0.000000  0.000000
 0.000000  0.000000  0.045455  0.954545
 0.000000  1.000000  0.000000  0.000000
 0.000000  0.954545  0.000000  0.045455
URL http://jaspar.genereg.net/matrix/MA0212.1

MOTIF MA0213.1 brk
letter-probability matrix: alength= 4 w= 8 nsites= 10 E= 0
 0.100000  0.500000  0.400000  0.000000
 0.000000  0.400000  0.000000  0.600000
 0.000000  0.000000  1.000000  0.000000
 0.000000  0.000000  1.000000  0.000000
 0.000000  1.000000  0.000000  0.000000
 0.100000  0.000000  0.900000  0.000000
 0.100000  0.800000  0.000000  0.100000
 0.000000  0.500000  0.100000  0.400000
URL http://jaspar.genereg.net/matrix/MA0213.1

MOTIF MA0214.1 bsh
letter-probability matrix: alength= 4 w= 7 nsites= 16 E= 0
 0.062500  0.187500  0.125000  0.625000
 0.000000  0.000000  0.000000  1.000000
 1.000000  0.000000  0.000000  0.000000
 1.000000  0.000000  0.000000  0.000000
 0.000000  0.062500  0.000000  0.937500
 0.000000  0.187500  0.375000  0.437500
 0.437500  0.000000  0.562500  0.000000
URL http://jaspar.genereg.net/matrix/MA0214.1

MOTIF MA0215.1 btn
letter-probability matrix: alength= 4 w= 7 nsites= 23 E= 0
 0.217391  0.043478  0.173913  0.565217
 0.000000  0.000000  0.000000  1.000000
 0.956522  0.000000  0.043478  0.000000
 1.000000  0.000000  0.000000  0.000000
 0.000000  0.043478  0.000000  0.956522
 0.000000  0.000000  0.652174  0.347826
 0.826087  0.000000  0.130435  0.043478
URL http://jaspar.genereg.net/matrix/MA0215.1

MOTIF MA0217.1 caup
letter-probability matrix: alength= 4 w= 5 nsites= 19 E= 0
 0.210526  0.052632  0.105263  0.631579
 0.736842  0.000000  0.105263  0.157895
 1.000000  0.000000  0.000000  0.000000
 0.000000  1.000000  0.000000  0.000000
 1.000000  0.000000  0.000000  0.000000
URL http://jaspar.genereg.net/matrix/MA0217.1

MOTIF MA0218.1 ct
letter-probability matrix: alength= 4 w= 6 nsites= 20 E= 0
 0.000000  0.300000  0.000000  0.700000
 0.050000  0.100000  0.000000  0.850000
 0.450000  0.000000  0.550000  0.000000
 1.000000  0.000000  0.000000  0.000000
 0.850000  0.000000  0.050000  0.100000
 0.000000  0.950000  0.050000  0.000000
URL http://jaspar.genereg.net/matrix/MA0218.1

MOTIF MA0219.1 ems
letter-probability matrix: alength= 4 w= 7 nsites= 20 E= 0
 0.150000  0.350000  0.050000  0.450000
 0.150000  0.000000  0.000000  0.850000
 0.950000  0.000000  0.000000  0.050000
 0.950000  0.000000  0.050000  0.000000
 0.000000  0.000000  0.000000  1.000000
 0.000000  0.050000  0.500000  0.450000
 0.700000  0.000000  0.300000  0.000000
URL http://jaspar.genereg.net/matrix/MA0219.1

MOTIF MA0220.1 en
letter-probability matrix: alength= 4 w= 7 nsites= 23 E= 0
 0.086957  0.347826  0.086957  0.478261
 0.000000  0.000000  0.000000  1.000000
 1.000000  0.000000  0.000000  0.000000
 1.000000  0.000000  0.000000  0.000000
 0.000000  0.000000  0.000000  1.000000
 0.000000  0.000000  0.086957  0.913043
 0.565217  0.000000  0.434783  0.000000
URL http://jaspar.genereg.net/matrix/MA0220.1

MOTIF MA0221.1 eve
letter-probability matrix: alength= 4 w= 7 nsites= 22 E= 0
 0.136364  0.454545  0.000000  0.409091
 0.045455  0.000000  0.000000  0.954545
 1.000000  0.000000  0.000000  0.000000
 1.000000  0.000000  0.000000  0.000000
 0.000000  0.090909  0.045455  0.863636
 0.000000  0.090909  0.500000  0.409091
 0.772727  0.000000  0.181818  0.045455
URL http://jaspar.genereg.net/matrix/MA0221.1

MOTIF MA0222.1 exd
letter-probability matrix: alength= 4 w= 8 nsites= 17 E= 0
 0.235294  0.235294  0.235294  0.294118
 0.058824  0.000000  0.117647  0.823529
 0.000000  0.000000  0.000000  1.000000
 0.000000  0.000000  0.000000  1.000000
 0.000000  0.000000  1.000000  0.000000
 1.000000  0.000000  0.000000  0.000000
 0.000000  0.705882  0.000000  0.294118
 0.647059  0.000000  0.352941  0.000000
URL http://jaspar.genereg.net/matrix/MA0222.1

MOTIF MA0224.1 exex
letter-probability matrix: alength= 4 w= 7 nsites= 23 E= 0
 0.000000  0.304348  0.434783  0.260870
 0.000000  0.000000  0.000000  1.000000
 1.000000  0.000000  0.000000  0.000000
 1.000000  0.000000  0.000000  0.000000
 0.000000  0.000000  0.000000  1.000000
 0.043478  0.043478  0.000000  0.913043
 0.869565  0.000000  0.130435  0.000000
URL http://jaspar.genereg.net/matrix/MA0224.1

MOTIF MA0225.1 ftz
letter-probability matrix: alength= 4 w= 7 nsites= 18 E= 0
 0.055556  0.111111  0.000000  0.833333
 0.055556  0.000000  0.000000  0.944444
 1.000000  0.000000  0.000000  0.000000
 1.000000  0.000000  0.000000  0.000000
 0.000000  0.000000  0.000000  1.000000
 0.000000  0.000000  0.500000  0.500000
 0.777778  0.000000  0.222222  0.000000
URL http://jaspar.genereg.net/matrix/MA0225.1

MOTIF MA0226.1 hbn
letter-probability matrix: alength= 4 w= 7 nsites= 17 E= 0
 0.117647  0.117647  0.117647  0.647059
 0.000000  0.000000  0.000000  1.000000
 1.000000  0.000000  0.000000  0.000000
 1.000000  0.000000  0.000000  0.000000
 0.000000  0.000000  0.000000  1.000000
 0.000000  0.000000  0.000000  1.000000
 0.529412  0.000000  0.411765  0.058824
URL http://jaspar.genereg.net/matrix/MA0226.1

MOTIF MA0227.1 hth
letter-probability matrix: alength= 4 w= 6 nsites= 17 E= 0
 0.000000  0.000000  0.000000  1.000000
 0.000000  0.000000  1.000000  0.000000
 1.000000  0.000000  0.000000  0.000000
 0.000000  1.000000  0.000000  0.000000
 0.823529  0.000000  0.176471  0.000000
 0.000000  0.000000  0.666667  0.333333
URL http://jaspar.genereg.net/matrix/MA0227.1

MOTIF MA0228.1 ind
letter-probability matrix: alength= 4 w= 7 nsites= 21 E= 0
 0.000000  0.571429  0.000000  0.428571
 0.000000  0.000000  0.000000  1.000000
 1.000000  0.000000  0.000000  0.000000
 1.000000  0.000000  0.000000  0.000000
 0.000000  0.000000  0.047619  0.952381
 0.000000  0.000000  0.380952  0.619048
 0.904762  0.000000  0.095238  0.000000
URL http://jaspar.genereg.net/matrix/MA0228.1

MOTIF MA0229.1 inv
letter-probability matrix: alength= 4 w= 8 nsites= 16 E= 0
 0.250000  0.000000  0.187500  0.562500
 0.062500  0.562500  0.000000  0.375000
 0.000000  0.000000  0.000000  1.000000
 1.000000  0.000000  0.000000  0.000000
 1.000000  0.000000  0.000000  0.000000
 0.000000  0.000000  0.000000  1.000000
 0.000000  0.000000  0.000000  1.000000
 0.687500  0.000000  0.312500  0.000000
URL http://jaspar.genereg.net/matrix/MA0229.1

MOTIF MA0230.1 lab
letter-probability matrix: alength= 4 w= 7 nsites= 16 E= 0
 0.062500  0.187500  0.000000  0.750000
 0.000000  0.000000  0.000000  1.000000
 1.000000  0.000000  0.000000  0.000000
 1.000000  0.000000  0.000000  0.000000
 0.062500  0.000000  0.000000  0.937500
 0.000000  0.000000  0.375000  0.625000
 1.000000  0.000000  0.000000  0.000000
URL http://jaspar.genereg.net/matrix/MA0230.1

MOTIF MA0231.1 lbe
letter-probability matrix: alength= 4 w= 6 nsites= 22 E= 0
 0.000000  0.000000  0.000000  1.000000
 1.000000  0.000000  0.000000  0.000000
 1.000000  0.000000  0.000000  0.000000
 0.045455  0.454545  0.090909  0.409091
 0.181818  0.227273  0.136364  0.454545
 0.863636  0.000000  0.136364  0.000000
URL http://jaspar.genereg.net/matrix/MA0231.1

MOTIF MA0232.1 lbl
letter-probability matrix: alength= 4 w= 6 nsites= 23 E= 0
 0.000000  0.000000  0.000000  1.000000
 1.000000  0.000000  0.000000  0.000000
 1.000000  0.000000  0.000000  0.000000
 0.000000  0.217391  0.000000  0.782609
 0.043478  0.130435  0.304348  0.521739
 0.739130  0.000000  0.260870  0.000000
URL http://jaspar.genereg.net/matrix/MA0232.1

MOTIF MA0233.1 mirr
letter-probability matrix: alength= 4 w= 5 nsites= 41 E= 0
 0.487805  0.024390  0.024390  0.463415
 0.707317  0.000000  0.048780  0.243902
 1.000000  0.000000  0.000000  0.000000
 0.000000  1.000000  0.000000  0.000000
 1.000000  0.000000  0.000000  0.000000
URL http://jaspar.genereg.net/matrix/MA0233.1

MOTIF MA0234.1 oc
letter-probability matrix: alength= 4 w= 6 nsites= 19 E= 0
 0.000000  0.000000  0.000000  1.000000
 1.000000  0.000000  0.000000  0.000000
 1.000000  0.000000  0.000000  0.000000
 0.000000  0.000000  0.105263  0.894737
 0.000000  1.000000  0.000000  0.000000
 0.000000  0.894737  0.052632  0.052632
URL http://jaspar.genereg.net/matrix/MA0234.1

MOTIF MA0235.1 onecut
letter-probability matrix: alength= 4 w= 7 nsites= 15 E= 0
 0.066667  0.133333  0.000000  0.800000
 0.000000  0.000000  0.000000  1.000000
 0.000000  0.000000  1.000000  0.000000
 1.000000  0.000000  0.000000  0.000000
 0.000000  0.000000  0.000000  1.000000
 0.000000  0.000000  0.000000  1.000000
 0.333333  0.000000  0.266667  0.400000
URL http://jaspar.genereg.net/matrix/MA0235.1

MOTIF MA0236.1 otp
letter-probability matrix: alength= 4 w= 7 nsites= 20 E= 0
 0.050000  0.300000  0.100000  0.550000
 0.000000  0.050000  0.000000  0.950000
 1.000000  0.000000  0.000000  0.000000
 1.000000  0.000000  0.000000  0.000000
 0.000000  0.000000  0.000000  1.000000
 0.000000  0.050000  0.200000  0.750000
 0.750000  0.000000  0.150000  0.100000
URL http://jaspar.genereg.net/matrix/MA0236.1

MOTIF MA0238.1 pb
letter-probability matrix: alength= 4 w= 7 nsites= 24 E= 0
 0.166667  0.375000  0.000000  0.458333
 0.000000  0.000000  0.000000  1.000000
 1.000000  0.000000  0.000000  0.000000
 1.000000  0.000000  0.000000  0.000000
 0.000000  0.000000  0.000000  1.000000
 0.000000  0.000000  0.458333  0.541667
 1.000000  0.000000  0.000000  0.000000
URL http://jaspar.genereg.net/matrix/MA0238.1

MOTIF MA0239.1 prd
letter-probability matrix: alength= 4 w= 9 nsites= 21 E= 0
 0.476190  0.190476  0.000000  0.333333
 0.047619  0.190476  0.666667  0.095238
 0.190476  0.095238  0.095238  0.619048
 0.952381  0.000000  0.000000  0.047619
 1.000000  0.000000  0.000000  0.000000
 0.000000  1.000000  0.000000  0.000000
 0.333333  0.238095  0.142857  0.285714
 0.000000  0.000000  1.000000  0.000000
 0.238095  0.190476  0.095238  0.476190
URL http://jaspar.genereg.net/matrix/MA0239.1

MOTIF MA0240.1 repo
letter-probability matrix: alength= 4 w= 7 nsites= 28 E= 0
 0.035714  0.142857  0.142857  0.678571
 0.035714  0.000000  0.000000  0.964286
 0.964286  0.000000  0.000000  0.035714
 1.000000  0.000000  0.000000  0.000000
 0.000000  0.000000  0.000000  1.000000
 0.000000  0.000000  0.000000  1.000000
 0.750000  0.000000  0.250000  0.000000
URL http://jaspar.genereg.net/matrix/MA0240.1

MOTIF MA0241.1 ro
letter-probability matrix: alength= 4 w= 7 nsites= 23 E= 0
 0.043478  0.521739  0.130435  0.304348
 0.000000  0.000000  0.000000  1.000000
 1.000000  0.000000  0.000000  0.000000
 1.000000  0.000000  0.000000  0.000000
 0.000000  0.000000  0.000000  1.000000
 0.000000  0.000000  0.130435  0.869565
 0.826087  0.000000  0.173913  0.000000
URL http://jaspar.genereg.net/matrix/MA0241.1

MOTIF MA0242.1 Bgb::run
letter-probability matrix: alength= 4 w= 9 nsites= 29 E= 0
 0.413793  0.068966  0.000000  0.517241
 0.931034  0.000000  0.034483  0.034483
 0.965517  0.000000  0.034483  0.000000
 0.000000  1.000000  0.000000  0.000000
 0.000000  0.965517  0.034483  0.000000
 0.172414  0.034483  0.793103  0.000000
 0.000000  1.000000  0.000000  0.000000
 0.965517  0.000000  0.000000  0.034483
 0.689655  0.000000  0.310345  0.000000
URL http://jaspar.genereg.net/matrix/MA0242.1

MOTIF MA0243.1 sd
letter-probability matrix: alength= 4 w= 12 nsites= 14 E= 0
 0.214286  0.000000  0.571429  0.214286
 0.571429  0.071429  0.071429  0.285714
 0.285714  0.571429  0.071429  0.071429
 1.000000  0.000000  0.000000  0.000000
 0.071429  0.071429  0.000000  0.857143
 0.214286  0.000000  0.071429  0.714286
 0.000000  0.571429  0.000000  0.428571
 0.214286  0.357143  0.214286  0.214286
 0.285714  0.071429  0.142857  0.500000
 0.357143  0.428571  0.214286  0.000000
 0.357143  0.071429  0.500000  0.071429
 0.285714  0.214286  0.285714  0.214286
URL http://jaspar.genereg.net/matrix/MA0243.1

MOTIF MA0244.1 slbo
letter-probability matrix: alength= 4 w= 8 nsites= 12 E= 0
 0.750000  0.083333  0.083333  0.083333
 0.000000  0.083333  0.000000  0.916667
 0.000000  0.000000  0.250000  0.750000
 0.250000  0.166667  0.583333  0.000000
 0.166667  0.833333  0.000000  0.000000
 0.583333  0.166667  0.166667  0.083333
 0.500000  0.416667  0.083333  0.000000
 0.916667  0.083333  0.000000  0.000000
URL http://jaspar.genereg.net/matrix/MA0244.1

MOTIF MA0245.1 slou
letter-probability matrix: alength= 4 w= 7 nsites= 22 E= 0
 0.136364  0.227273  0.045455  0.590909
 0.000000  0.045455  0.000000  0.954545
 1.000000  0.000000  0.000000  0.000000
 0.954545  0.000000  0.045455  0.000000
 0.000000  0.000000  0.000000  1.000000
 0.090909  0.045455  0.227273  0.636364
 0.500000  0.000000  0.500000  0.000000
URL http://jaspar.genereg.net/matrix/MA0245.1

MOTIF MA0246.1 so
letter-probability matrix: alength= 4 w= 6 nsites= 27 E= 0
 0.000000  0.000000  0.037037  0.962963
 0.000000  0.000000  1.000000  0.000000
 1.000000  0.000000  0.000000  0.000000
 0.000000  0.000000  0.037037  0.962963
 1.000000  0.000000  0.000000  0.000000
 0.000000  0.769231  0.000000  0.230769
URL http://jaspar.genereg.net/matrix/MA0246.1

MOTIF MA0248.1 tup
letter-probability matrix: alength= 4 w= 7 nsites= 16 E= 0
 0.250000  0.125000  0.062500  0.562500
 0.062500  0.000000  0.000000  0.937500
 1.000000  0.000000  0.000000  0.000000
 1.000000  0.000000  0.000000  0.000000
 0.000000  0.000000  0.125000  0.875000
 0.062500  0.000000  0.437500  0.500000
 0.125000  0.000000  0.812500  0.062500
URL http://jaspar.genereg.net/matrix/MA0248.1

MOTIF MA0249.1 twi
letter-probability matrix: alength= 4 w= 12 nsites= 15 E= 0
 0.066667  0.266667  0.200000  0.466667
 0.200000  0.466667  0.200000  0.133333
 0.066667  0.200000  0.666667  0.066667
 0.000000  0.933333  0.066667  0.000000
 0.733333  0.200000  0.066667  0.000000
 0.000000  0.266667  0.066667  0.666667
 0.466667  0.066667  0.333333  0.133333
 0.000000  0.000000  0.000000  1.000000
 0.000000  0.000000  0.800000  0.200000
 0.066667  0.000000  0.133333  0.800000
 0.066667  0.133333  0.133333  0.666667
 0.133333  0.200000  0.533333  0.133333
URL http://jaspar.genereg.net/matrix/MA0249.1

MOTIF MA0250.1 unc-4
letter-probability matrix: alength= 4 w= 7 nsites= 21 E= 0
 0.047619  0.238095  0.095238  0.619048
 0.000000  0.000000  0.000000  1.000000
 1.000000  0.000000  0.000000  0.000000
 1.000000  0.000000  0.000000  0.000000
 0.000000  0.000000  0.000000  1.000000
 0.047619  0.000000  0.000000  0.952381
 0.285714  0.047619  0.666667  0.000000
URL http://jaspar.genereg.net/matrix/MA0250.1

MOTIF MA0251.1 unpg
letter-probability matrix: alength= 4 w= 7 nsites= 21 E= 0
 0.047619  0.285714  0.190476  0.476190
 0.047619  0.000000  0.000000  0.952381
